2022-03-15T08:44:03.903000Z     -144.70   69.59    9.00   4.0
2018-08-12T20:55:39.256000Z     -144.47   69.51    3.60   4.0
2013-05-24T16:34:44.940000Z     -141.02   67.79   10.00   4.0
2018-08-23T16:11:25.082000Z     -144.09   69.52   13.30   4.0
2006-03-29T03:37:04.970000Z     -142.23   66.31   10.00   4.0
2014-07-18T02:00:44.000000Z     -161.75   67.60    8.90   4.0
2005-05-21T08:16:37.220000Z     -148.31   66.04   15.00   4.0
2004-04-28T13:16:25.240000Z     -143.74   69.42   23.30   4.0
2019-02-26T04:09:41.227000Z     -157.23   66.27   13.10   4.0
2018-11-10T14:15:52.010000Z     -166.09   68.00   12.20   4.0
2015-04-27T10:27:49.300000Z     -145.99   68.25   10.00   4.0
2018-10-15T21:54:35.651000Z     -146.13   69.02   12.00   4.0
2018-08-12T17:54:25.026000Z     -144.81   69.54    5.70   4.0
2009-02-21T05:32:53.050000Z     -144.61   69.11   10.00   4.0
2002-05-13T06:12:55.670000Z     -161.96   66.18   25.80   4.0
2018-10-09T07:11:20.901000Z     -144.87   69.55   14.80   4.0
2014-04-18T18:53:03.920000Z     -162.28   67.85   10.00   4.0
2018-10-16T16:45:16.745000Z     -145.05   69.58   16.40   4.0
2014-06-30T06:26:52.910000Z     -157.44   67.90   10.00   4.0
2015-08-28T08:46:45.660000Z     -141.49   66.09    1.90   4.0
2001-08-26T13:54:54.060000Z     -146.48   67.61   26.80   4.0
2015-08-28T21:15:17.300000Z     -161.98   68.02   10.00   4.0
2018-06-25T22:25:54.365000Z     -151.55   68.01   13.00   4.0
2014-05-03T12:29:11.460000Z     -162.41   67.76   10.00   4.0
2018-08-12T21:44:17.079000Z     -144.41   69.53    4.00   4.0
2012-09-30T16:59:40.160000Z     -147.23   68.54   10.00   4.0
2015-08-09T23:12:30.070000Z     -144.64   67.19   10.40   4.0
2007-04-29T17:35:11.280000Z     -144.52   69.70   11.60   4.0
2014-06-07T04:46:18.940000Z     -162.37   67.64   10.00   4.0
2007-04-22T16:15:59.430000Z     -144.38   69.58   10.00   4.0
2019-01-10T19:36:38.175000Z     -144.70   69.15   11.00   4.0
2018-10-04T13:12:56.397000Z     -144.15   69.41    4.30   4.0
2018-09-06T04:05:11.167000Z     -145.42   69.59   10.10   4.0
2018-08-13T05:22:34.553000Z     -144.18   69.60    6.40   4.0
2018-08-12T17:30:44.209000Z     -144.83   69.53    1.30   4.0
2021-11-28T01:44:10.267000Z     -146.60   66.96    6.90   4.0
2018-08-13T05:00:20.228000Z     -144.49   69.51    2.10   4.0
2018-08-12T16:53:13.009000Z     -145.10   69.56    4.30   4.0
2012-03-03T23:04:19.490000Z     -158.53   67.16   10.00   4.0
2018-08-28T11:13:21.584000Z     -144.88   69.56   15.80   4.0
2018-08-17T13:27:08.113000Z     -144.19   69.50   11.10   4.0
2019-02-16T22:35:07.276000Z     -144.07   69.49   13.80   4.0
2015-08-01T09:07:50.270000Z     -141.45   66.12    8.50   4.1
2015-08-06T23:47:49.470000Z     -166.43   67.62   10.00   4.1
2000-04-18T19:53:52.360000Z     -149.54   67.05   10.00   4.1
2018-08-12T23:59:49.606000Z     -144.19   69.62    0.00   4.1
2000-04-17T21:19:40.530000Z     -149.96   67.43   10.00   4.1
2016-03-08T07:19:27.000000Z     -158.22   68.10   25.40   4.1
2014-09-16T09:05:20.150000Z     -162.54   67.69   10.00   4.1
2018-09-05T04:03:50.015000Z     -144.40   69.47    1.80   4.1
2018-08-18T04:52:57.359000Z     -145.26   69.64   14.50   4.1
2018-08-13T23:53:09.938000Z     -144.25   69.50    8.00   4.1
2018-08-13T05:43:56.224000Z     -144.35   69.51    0.10   4.1
2018-08-12T21:49:29.374000Z     -144.12   69.47    1.80   4.1
2018-08-12T21:24:28.289000Z     -144.33   69.48    5.30   4.1
2014-05-03T10:09:45.800000Z     -162.32   67.70   10.00   4.1
2018-08-12T20:56:43.483000Z     -144.34   69.45    4.50   4.1
2018-08-19T19:30:07.775000Z     -145.38   69.62    3.50   4.1
2018-08-12T21:25:48.123000Z     -144.24   69.49    3.80   4.1
2018-08-12T21:24:10.480000Z     -144.38   69.52    0.90   4.1
2012-09-25T23:53:51.210000Z     -142.63   66.49    0.00   4.1
2020-04-20T21:02:13.465000Z     -144.13   69.41    5.70   4.1
2016-02-22T02:30:44.000000Z     -144.47   69.15   20.70   4.1
2019-05-01T19:36:45.777000Z     -156.50   67.35    7.30   4.1
2019-05-03T11:52:25.385000Z     -157.18   66.23    5.70   4.1
2019-05-03T11:51:55.551000Z     -157.19   66.23    7.20   4.1
2019-01-14T14:23:13.566000Z     -145.07   69.60   15.80   4.1
2014-04-19T12:20:20.430000Z     -162.29   67.76   10.00   4.1
2014-04-26T06:11:59.000000Z     -162.59   67.77   25.00   4.1
2019-03-28T08:40:04.158000Z     -157.19   66.25    5.90   4.1
2016-04-12T20:50:00.000000Z     -162.84   67.64   13.70   4.1
2018-11-16T03:31:15.085000Z     -144.39   69.54    7.90   4.1
2014-06-25T03:02:48.020000Z     -161.96   67.75   10.00   4.1
2019-03-13T02:42:25.181000Z     -144.47   69.52   12.80   4.1
2008-11-04T15:46:34.990000Z     -157.98   66.34    4.90   4.1
2008-10-13T17:41:46.810000Z     -162.14   68.11   10.00   4.1
2008-03-11T19:42:27.800000Z     -146.69   69.66   10.00   4.1
2007-12-22T08:30:22.850000Z     -161.95   66.06   10.00   4.1
2013-07-18T14:41:06.580000Z     -144.52   69.20    1.40   4.1
2007-03-24T19:13:55.000000Z     -167.11   68.11   10.00   4.1
2006-08-27T03:20:05.610000Z     -142.08   66.27   10.00   4.1
2014-05-06T04:03:02.460000Z     -162.21   67.70   10.00   4.1
2014-05-09T06:02:08.290000Z     -162.27   67.70   10.00   4.1
2006-08-27T02:58:22.770000Z     -142.23   66.25   10.00   4.1
2014-08-22T05:13:39.000000Z     -162.10   67.66   14.50   4.1
2006-05-22T14:20:20.480000Z     -143.34   69.94    1.00   4.1
2013-05-12T04:15:14.000000Z     -146.90   69.78   10.00   4.1
2014-05-12T18:18:24.540000Z     -162.08   67.73   10.00   4.1
2014-05-16T02:27:18.360000Z     -162.40   67.75   10.00   4.1
2003-06-04T17:31:26.140000Z     -149.88   67.78    8.00   4.1
2002-12-08T16:05:50.870000Z     -146.89   67.82    6.80   4.1
2002-01-31T17:36:48.440000Z     -141.78   66.41   10.00   4.1
2018-10-18T00:17:10.972000Z     -146.34   69.02    7.40   4.1
2018-09-14T05:02:15.509000Z     -147.08   69.06   13.20   4.1
2006-08-26T00:50:05.090000Z     -142.03   66.27   10.00   4.2
2010-03-28T19:58:09.180000Z     -156.43   67.87   10.00   4.2
2010-02-19T07:18:04.150000Z     -142.18   66.24   10.00   4.2
2016-12-23T00:43:54.939000Z     -157.83   67.01   16.40   4.2
2018-10-01T00:58:24.955000Z     -146.32   69.21    7.30   4.2
2014-05-05T12:15:59.280000Z     -162.46   67.75   10.00   4.2
2012-04-02T17:52:47.000000Z     -160.21   68.25   10.00   4.2
2014-06-08T02:23:31.560000Z     -162.20   67.78   10.00   4.2
2014-05-10T19:27:16.440000Z     -162.23   67.74   10.00   4.2
2014-05-12T22:51:04.270000Z     -162.13   67.74   10.00   4.2
2018-08-12T16:44:39.525000Z     -144.51   69.47    0.90   4.2
2018-08-12T23:30:04.162000Z     -144.13   69.44   10.40   4.2
2018-08-13T08:53:12.116000Z     -144.34   69.50   10.70   4.2
2018-08-13T13:35:44.596000Z     -145.40   69.62    2.60   4.2
2018-08-14T14:49:57.373000Z     -144.21   69.47    6.70   4.2
2018-08-18T07:06:01.633000Z     -144.23   69.51   12.30   4.2
2018-08-12T15:04:49.153000Z     -145.10   69.56    3.30   4.2
2018-08-18T04:39:36.549000Z     -144.30   69.48   15.10   4.2
2018-09-10T23:37:10.624000Z     -144.59   69.59   12.40   4.2
2016-03-05T04:07:22.000000Z     -162.80   67.64   11.20   4.2
2001-06-07T06:28:32.290000Z     -150.91   66.02   10.00   4.2
2006-02-07T22:51:06.180000Z     -142.17   66.29   10.00   4.2
2006-02-18T13:01:34.930000Z     -142.26   66.33   10.00   4.2
2006-06-11T08:25:55.650000Z     -147.46   66.87   10.00   4.2
2006-11-01T20:48:28.150000Z     -145.05   70.05   14.40   4.2
2007-12-15T22:45:38.640000Z     -141.98   66.36   10.00   4.2
2008-11-15T14:22:39.320000Z     -157.02   66.35   10.00   4.2
2019-03-10T04:07:47.193000Z     -145.46   69.63   13.10   4.2
2019-01-12T17:14:06.990000Z     -144.65   69.13   12.90   4.2
2019-01-15T16:44:42.805000Z     -144.19   69.49    8.40   4.2
2019-07-08T23:20:27.200000Z     -144.62   69.11   13.40   4.2
2012-05-05T02:30:51.210000Z     -166.54   67.77   10.00   4.2
2013-03-02T11:00:29.140000Z     -166.35   67.63   35.00   4.2
2013-07-17T06:36:20.010000Z     -144.63   69.21   10.00   4.2
2013-07-25T19:18:10.630000Z     -142.32   66.34   11.00   4.2
2013-09-11T00:49:19.310000Z     -149.47   67.49   10.10   4.2
2014-05-03T10:40:52.280000Z     -162.07   67.71   10.00   4.2
2014-05-03T11:54:33.500000Z     -162.30   67.77   10.00   4.2
2007-08-02T08:48:38.140000Z     -144.88   69.60    8.00   4.2
2007-05-21T12:24:32.790000Z     -143.97   70.33   10.00   4.3
2014-06-02T20:32:14.680000Z     -162.07   67.76   10.00   4.3
2018-08-19T13:32:23.931000Z     -144.82   69.58    2.20   4.3
2000-08-12T18:06:11.150000Z     -146.41   67.94   10.00   4.3
2000-08-26T22:44:39.620000Z     -152.45   67.99    7.10   4.3
2007-10-27T06:45:16.280000Z     -155.96   66.09    8.90   4.3
2002-07-01T13:33:42.970000Z     -142.82   70.60   35.00   4.3
2002-09-30T01:36:26.600000Z     -142.13   69.63   10.00   4.3
2018-08-16T06:32:30.062000Z     -144.43   69.49    6.50   4.3
2018-08-12T21:27:22.336000Z     -144.29   69.45    3.20   4.3
2014-06-20T00:30:45.020000Z     -162.27   67.69   10.00   4.3
2006-01-04T21:05:13.680000Z     -159.04   67.58   18.20   4.3
2013-05-25T08:29:30.300000Z     -149.36   66.30   10.00   4.3
2014-03-27T07:28:33.230000Z     -163.44   68.12   10.00   4.3
2006-02-06T08:43:34.350000Z     -142.12   66.34   10.00   4.3
2006-02-07T11:09:04.410000Z     -142.09   66.34   10.00   4.3
2007-06-10T18:06:08.530000Z     -142.38   66.23   10.00   4.3
2014-05-03T10:11:25.010000Z     -162.28   67.80   10.00   4.3
2018-08-12T23:29:38.459000Z     -144.12   69.42    6.60   4.3
2014-05-11T10:51:58.460000Z     -162.38   67.75   10.00   4.3
2014-04-18T21:38:50.040000Z     -162.28   67.82   10.00   4.3
2006-08-04T04:13:19.860000Z     -147.41   68.07   10.00   4.3
2014-06-16T12:56:50.870000Z     -161.95   67.73   10.00   4.3
2014-04-19T11:31:06.830000Z     -162.26   67.78   10.00   4.3
2022-01-11T12:32:53.483000Z     -165.98   67.46   10.10   4.3
2012-04-07T03:26:46.090000Z     -166.51   67.73   10.00   4.3
2019-03-12T15:52:51.619000Z     -157.27   66.31   12.00   4.3
2012-06-24T00:03:14.060000Z     -143.94   69.68   10.00   4.3
2013-09-02T23:39:54.880000Z     -144.57   69.22    4.40   4.3
2019-05-09T05:29:58.626000Z     -157.24   66.30    7.40   4.3
2011-09-29T22:51:19.330000Z     -157.14   67.20   10.00   4.3
2008-11-20T11:34:08.220000Z     -144.55   69.09   12.90   4.3
2009-06-04T02:44:39.400000Z     -157.41   66.37   13.50   4.3
2009-05-18T09:39:41.860000Z     -160.57   68.55    0.00   4.3
2014-05-03T09:54:18.960000Z     -162.24   67.72   10.00   4.4
2014-07-18T02:01:45.000000Z     -161.83   67.63   21.20   4.4
2000-04-17T21:14:55.540000Z     -149.90   67.42   10.00   4.4
2018-08-12T15:34:49.600000Z     -144.68   69.53    2.10   4.4
2019-01-09T06:51:39.559000Z     -144.67   69.10   14.60   4.4
2018-08-12T15:42:06.157000Z     -144.78   69.54    2.50   4.4
2006-09-01T23:44:52.130000Z     -142.32   66.31   10.10   4.4
2012-06-11T00:18:34.720000Z     -144.08   69.82   30.00   4.4
2014-05-03T11:19:10.020000Z     -162.16   67.74   10.00   4.4
2019-12-16T12:17:43.559000Z     -144.86   69.56   10.60   4.4
2006-02-19T00:20:07.110000Z     -167.60   67.75    9.70   4.4
2019-12-18T03:34:36.093000Z     -157.27   66.33    9.70   4.4
2014-07-18T02:03:15.870000Z     -161.55   67.60   10.90   4.4
2018-05-11T01:40:06.907000Z     -146.37   67.42    8.40   4.4
2001-12-04T21:35:13.630000Z     -147.22   69.66   10.00   4.4
2018-08-20T09:33:47.989000Z     -145.19   69.57    8.70   4.4
2007-04-10T16:34:23.460000Z     -144.45   69.63   10.00   4.4
2006-03-14T07:54:09.110000Z     -142.13   66.36   10.00   4.4
2007-04-20T15:06:48.130000Z     -145.41   69.63   10.00   4.4
2018-08-23T04:30:40.501000Z     -144.30   69.52    7.30   4.4
2018-08-14T16:53:10.161000Z     -144.77   69.54   12.50   4.4
2019-03-27T07:38:39.344000Z     -157.21   66.31    8.90   4.4
2018-08-12T22:00:16.982000Z     -144.50   69.48    1.40   4.4
2018-08-13T09:55:55.423000Z     -144.36   69.44   12.40   4.4
2014-07-25T16:43:24.800000Z     -161.87   67.59   18.80   4.4
2013-12-25T20:45:03.090000Z     -143.89   70.29   10.00   4.4
2018-08-12T15:42:25.122000Z     -144.32   69.55    5.20   4.4
2019-04-23T15:32:43.413000Z     -157.21   66.29    7.30   4.5
2018-08-16T07:22:39.129000Z     -144.23   69.53   11.10   4.5
2018-08-12T22:09:02.301000Z     -144.28   69.46    1.40   4.5
2004-03-10T13:04:57.660000Z     -147.61   67.97   20.00   4.5
2014-06-17T13:01:43.400000Z     -162.15   67.74   10.00   4.5
2014-05-05T12:12:35.260000Z     -162.43   67.74   10.00   4.5
2007-04-20T20:54:10.880000Z     -144.93   69.57    5.30   4.5
2014-06-07T03:13:59.890000Z     -162.16   67.73   10.00   4.5
2014-06-03T04:08:33.720000Z     -162.15   67.73   10.00   4.5
2008-10-28T14:36:52.300000Z     -157.46   66.39   10.20   4.5
2014-06-29T17:33:43.250000Z     -157.53   67.90   10.00   4.5
2009-12-05T09:14:56.120000Z     -142.38   66.83   15.10   4.5
2019-07-08T23:20:26.092000Z     -145.32   69.40   19.20   4.5
2019-07-03T04:58:55.034000Z     -144.64   69.11   12.80   4.5
2014-08-28T13:33:11.710000Z     -161.94   67.59   18.90   4.5
2018-12-07T15:22:57.970000Z     -144.92   69.57    4.40   4.5
2018-12-30T07:14:10.328000Z     -144.97   69.58    9.20   4.5
2016-01-17T14:52:29.000000Z     -153.31   66.38   11.00   4.5
2012-02-22T14:32:29.940000Z     -166.47   67.72   10.00   4.5
2007-08-17T11:05:04.920000Z     -160.00   67.79   16.00   4.5
2010-03-22T08:26:27.400000Z     -157.60   66.33   10.00   4.5
2018-08-12T21:38:03.336000Z     -144.13   69.46    4.30   4.5
2018-08-13T11:05:13.548000Z     -144.67   69.53    0.60   4.5
2018-08-13T09:56:59.050000Z     -144.81   69.56    4.60   4.5
2015-02-14T12:18:22.290000Z     -162.25   67.76   10.00   4.6
2014-05-05T11:59:13.320000Z     -162.50   67.69   10.00   4.6
2019-06-15T06:31:35.797000Z     -157.21   66.29    6.30   4.6
2015-07-05T19:26:04.580000Z     -143.86   70.26   35.00   4.6
2008-05-17T09:20:02.640000Z     -142.18   66.53   10.00   4.6
2008-10-13T20:18:46.550000Z     -162.17   68.17   10.00   4.6
2019-02-10T13:35:48.270000Z     -157.23   66.31    7.70   4.6
2014-04-19T11:31:39.620000Z     -162.27   67.77   10.00   4.6
2015-04-03T08:29:29.970000Z     -145.47   67.64   10.00   4.6
2006-03-12T04:29:01.120000Z     -146.15   69.57    4.20   4.6
2019-11-09T13:26:10.869000Z     -154.25   67.06    4.40   4.6
2018-08-12T18:36:44.045000Z     -144.71   69.53    4.30   4.7
2018-12-18T02:31:43.871000Z     -144.73   69.67   10.00   4.7
2008-11-15T14:23:33.320000Z     -157.45   66.36   10.00   4.7
2006-02-20T01:40:01.550000Z     -146.13   69.60   10.50   4.7
2018-08-12T21:47:39.018000Z     -144.19   69.45    3.70   4.7
2018-08-12T15:18:38.001000Z     -144.66   69.53    5.60   4.7
2019-04-16T05:07:46.945000Z     -157.24   66.31    9.00   4.7
2008-10-11T16:52:37.390000Z     -162.19   68.20   20.90   4.7
2019-07-02T18:17:07.677000Z     -157.18   66.27    7.90   4.7
2014-06-07T04:47:19.760000Z     -162.32   67.78   10.00   4.7
2018-09-01T06:41:19.773000Z     -144.97   69.54   16.90   4.8
2007-11-29T22:27:44.120000Z     -142.49   66.35   10.00   4.8
2008-12-30T13:54:42.680000Z     -157.64   66.42   10.00   4.8
2018-08-13T19:36:08.622000Z     -144.45   69.49   12.30   4.8
2014-05-30T06:27:32.970000Z     -162.08   67.70   10.00   4.8
2013-09-01T22:52:07.090000Z     -144.76   69.13    5.30   4.8
2020-07-22T23:11:09.889000Z     -148.86   67.49   24.00   4.8
2003-08-23T00:33:37.160000Z     -148.08   68.59    5.30   4.8
2019-01-14T00:41:19.258000Z     -145.03   69.62    5.60   4.9
2007-04-28T05:20:32.550000Z     -144.96   69.59   10.00   4.9
2018-08-12T21:30:21.356000Z     -144.21   69.42    6.40   4.9
2008-10-28T14:30:16.230000Z     -157.41   66.36   10.00   4.9
2014-07-18T05:33:26.000000Z     -161.76   67.59   13.40   4.9
2020-03-18T15:31:33.195000Z     -157.25   66.29    8.60   5.0
2018-09-18T12:40:56.960000Z     -144.16   69.51   10.80   5.0
2018-10-14T23:53:16.308000Z     -156.98   67.77    3.20   5.0
2014-04-19T08:49:01.390000Z     -162.35   67.72   10.00   5.0
2014-05-03T09:57:10.210000Z     -162.33   67.77   23.50   5.0
2014-05-03T09:51:07.780000Z     -162.29   67.70   11.50   5.0
2019-03-26T21:27:18.717000Z     -157.25   66.31    8.50   5.0
2018-08-12T15:14:20.731000Z     -144.74   69.57    2.90   5.0
2018-08-12T16:02:09.293000Z     -144.95   69.55    1.00   5.1
2018-08-12T15:01:05.437000Z     -144.50   69.55    5.50   5.1
2018-08-12T21:31:04.378000Z     -144.24   69.47    5.50   5.1
2012-02-21T13:50:44.100000Z     -166.56   67.58   22.00   5.1
2006-02-05T16:43:33.080000Z     -142.34   66.36   10.00   5.1
2010-11-07T00:43:23.990000Z     -146.30   69.19   16.30   5.2
2008-04-13T13:41:40.070000Z     -166.75   67.66   10.00   5.2
2019-03-06T21:33:13.991000Z     -157.22   66.31    9.10   5.2
2019-10-18T13:08:59.853000Z     -157.29   66.34    6.30   5.2
2018-10-14T23:53:14.769000Z     -156.40   67.77   10.50   5.3
2018-08-12T15:04:07.423000Z     -145.16   69.56    4.90   5.3
2019-07-03T04:38:22.607000Z     -144.69   69.12   13.90   5.3
2018-09-18T12:40:59.535000Z     -144.98   69.82    0.10   5.4
2019-10-18T00:58:28.270000Z     -157.22   66.30    6.30   5.4
2003-08-21T23:31:50.240000Z     -148.16   68.59   12.50   5.4
2006-02-05T08:17:02.740000Z     -142.47   66.28   19.30   5.4
2014-06-16T12:01:08.720000Z     -162.15   67.69   11.80   5.7
2014-05-03T08:57:14.030000Z     -162.22   67.72   10.00   5.7
2014-04-18T18:44:18.930000Z     -162.35   67.68   18.40   5.7
2014-04-18T18:56:47.540000Z     -162.50   67.71   16.70   5.7
2014-06-07T04:43:33.920000Z     -162.33   67.73   13.50   5.8
2018-08-12T21:15:01.841000Z     -144.36   69.52    1.70   6.0
