  0000    VN    -85.0000   -175.0000    0.0     8.00
  0001    VN    -85.0000   -165.0000    0.0     8.00
  0002    VN    -85.0000   -155.0000    0.0     8.00
  0003    VN    -85.0000   -145.0000    0.0     8.00
  0004    VN    -85.0000   -135.0000    0.0     8.00
  0005    VN    -85.0000   -125.0000    0.0     8.00
  0006    VN    -85.0000   -115.0000    0.0     8.00
  0007    VN    -85.0000   -105.0000    0.0     8.00
  0008    VN    -85.0000    -95.0000    0.0     8.00
  0009    VN    -85.0000    -85.0000    0.0     8.00
  0010    VN    -85.0000    -75.0000    0.0     8.00
  0011    VN    -85.0000    -65.0000    0.0     8.00
  0012    VN    -85.0000    -55.0000    0.0     8.00
  0013    VN    -85.0000    -45.0000    0.0     8.00
  0014    VN    -85.0000    -35.0000    0.0     8.00
  0015    VN    -85.0000    -25.0000    0.0     8.00
  0016    VN    -85.0000    -15.0000    0.0     8.00
  0017    VN    -85.0000     -5.0000    0.0     8.00
  0018    VN    -85.0000      5.0000    0.0     8.00
  0019    VN    -85.0000     15.0000    0.0     8.00
  0020    VN    -85.0000     25.0000    0.0     8.00
  0021    VN    -85.0000     35.0000    0.0     8.00
  0022    VN    -85.0000     45.0000    0.0     8.00
  0023    VN    -85.0000     55.0000    0.0     8.00
  0024    VN    -85.0000     65.0000    0.0     8.00
  0025    VN    -85.0000     75.0000    0.0     8.00
  0026    VN    -85.0000     85.0000    0.0     8.00
  0027    VN    -85.0000     95.0000    0.0     8.00
  0028    VN    -85.0000    105.0000    0.0     8.00
  0029    VN    -85.0000    115.0000    0.0     8.00
  0030    VN    -85.0000    125.0000    0.0     8.00
  0031    VN    -85.0000    135.0000    0.0     8.00
  0032    VN    -85.0000    145.0000    0.0     8.00
  0033    VN    -85.0000    155.0000    0.0     8.00
  0034    VN    -85.0000    165.0000    0.0     8.00
  0035    VN    -85.0000    175.0000    0.0     8.00
  0100    VN    -75.0000   -175.0000    0.0     8.00
  0101    VN    -75.0000   -165.0000    0.0     8.00
  0102    VN    -75.0000   -155.0000    0.0     8.00
  0103    VN    -75.0000   -145.0000    0.0     8.00
  0104    VN    -75.0000   -135.0000    0.0     8.00
  0105    VN    -75.0000   -125.0000    0.0     8.00
  0106    VN    -75.0000   -115.0000    0.0     8.00
  0107    VN    -75.0000   -105.0000    0.0     8.00
  0108    VN    -75.0000    -95.0000    0.0     8.00
  0109    VN    -75.0000    -85.0000    0.0     8.00
  0110    VN    -75.0000    -75.0000    0.0     8.00
  0111    VN    -75.0000    -65.0000    0.0     8.00
  0112    VN    -75.0000    -55.0000    0.0     8.00
  0113    VN    -75.0000    -45.0000    0.0     8.00
  0114    VN    -75.0000    -35.0000    0.0     8.00
  0115    VN    -75.0000    -25.0000    0.0     8.00
  0116    VN    -75.0000    -15.0000    0.0     8.00
  0117    VN    -75.0000     -5.0000    0.0     8.00
  0118    VN    -75.0000      5.0000    0.0     8.00
  0119    VN    -75.0000     15.0000    0.0     8.00
  0120    VN    -75.0000     25.0000    0.0     8.00
  0121    VN    -75.0000     35.0000    0.0     8.00
  0122    VN    -75.0000     45.0000    0.0     8.00
  0123    VN    -75.0000     55.0000    0.0     8.00
  0124    VN    -75.0000     65.0000    0.0     8.00
  0125    VN    -75.0000     75.0000    0.0     8.00
  0126    VN    -75.0000     85.0000    0.0     8.00
  0127    VN    -75.0000     95.0000    0.0     8.00
  0128    VN    -75.0000    105.0000    0.0     8.00
  0129    VN    -75.0000    115.0000    0.0     8.00
  0130    VN    -75.0000    125.0000    0.0     8.00
  0131    VN    -75.0000    135.0000    0.0     8.00
  0132    VN    -75.0000    145.0000    0.0     8.00
  0133    VN    -75.0000    155.0000    0.0     8.00
  0134    VN    -75.0000    165.0000    0.0     8.00
  0135    VN    -75.0000    175.0000    0.0     8.00
  0200    VN    -65.0000   -175.0000    0.0     8.00
  0201    VN    -65.0000   -165.0000    0.0     8.00
  0202    VN    -65.0000   -155.0000    0.0     8.00
  0203    VN    -65.0000   -145.0000    0.0     8.00
  0204    VN    -65.0000   -135.0000    0.0     8.00
  0205    VN    -65.0000   -125.0000    0.0     8.00
  0206    VN    -65.0000   -115.0000    0.0     8.00
  0207    VN    -65.0000   -105.0000    0.0     8.00
  0208    VN    -65.0000    -95.0000    0.0     8.00
  0209    VN    -65.0000    -85.0000    0.0     8.00
  0210    VN    -65.0000    -75.0000    0.0     8.00
  0211    VN    -65.0000    -65.0000    0.0     8.00
  0212    VN    -65.0000    -55.0000    0.0     8.00
  0213    VN    -65.0000    -45.0000    0.0     8.00
  0214    VN    -65.0000    -35.0000    0.0     8.00
  0215    VN    -65.0000    -25.0000    0.0     8.00
  0216    VN    -65.0000    -15.0000    0.0     8.00
  0217    VN    -65.0000     -5.0000    0.0     8.00
  0218    VN    -65.0000      5.0000    0.0     8.00
  0219    VN    -65.0000     15.0000    0.0     8.00
  0220    VN    -65.0000     25.0000    0.0     8.00
  0221    VN    -65.0000     35.0000    0.0     8.00
  0222    VN    -65.0000     45.0000    0.0     8.00
  0223    VN    -65.0000     55.0000    0.0     8.00
  0224    VN    -65.0000     65.0000    0.0     8.00
  0225    VN    -65.0000     75.0000    0.0     8.00
  0226    VN    -65.0000     85.0000    0.0     8.00
  0227    VN    -65.0000     95.0000    0.0     8.00
  0228    VN    -65.0000    105.0000    0.0     8.00
  0229    VN    -65.0000    115.0000    0.0     8.00
  0230    VN    -65.0000    125.0000    0.0     8.00
  0231    VN    -65.0000    135.0000    0.0     8.00
  0232    VN    -65.0000    145.0000    0.0     8.00
  0233    VN    -65.0000    155.0000    0.0     8.00
  0234    VN    -65.0000    165.0000    0.0     8.00
  0235    VN    -65.0000    175.0000    0.0     8.00
  0300    VN    -55.0000   -175.0000    0.0     8.00
  0301    VN    -55.0000   -165.0000    0.0     8.00
  0302    VN    -55.0000   -155.0000    0.0     8.00
  0303    VN    -55.0000   -145.0000    0.0     8.00
  0304    VN    -55.0000   -135.0000    0.0     8.00
  0305    VN    -55.0000   -125.0000    0.0     8.00
  0306    VN    -55.0000   -115.0000    0.0     8.00
  0307    VN    -55.0000   -105.0000    0.0     8.00
  0308    VN    -55.0000    -95.0000    0.0     8.00
  0309    VN    -55.0000    -85.0000    0.0     8.00
  0310    VN    -55.0000    -75.0000    0.0     8.00
  0311    VN    -55.0000    -65.0000    0.0     8.00
  0312    VN    -55.0000    -55.0000    0.0     8.00
  0313    VN    -55.0000    -45.0000    0.0     8.00
  0314    VN    -55.0000    -35.0000    0.0     8.00
  0315    VN    -55.0000    -25.0000    0.0     8.00
  0316    VN    -55.0000    -15.0000    0.0     8.00
  0317    VN    -55.0000     -5.0000    0.0     8.00
  0318    VN    -55.0000      5.0000    0.0     8.00
  0319    VN    -55.0000     15.0000    0.0     8.00
  0320    VN    -55.0000     25.0000    0.0     8.00
  0321    VN    -55.0000     35.0000    0.0     8.00
  0322    VN    -55.0000     45.0000    0.0     8.00
  0323    VN    -55.0000     55.0000    0.0     8.00
  0324    VN    -55.0000     65.0000    0.0     8.00
  0325    VN    -55.0000     75.0000    0.0     8.00
  0326    VN    -55.0000     85.0000    0.0     8.00
  0327    VN    -55.0000     95.0000    0.0     8.00
  0328    VN    -55.0000    105.0000    0.0     8.00
  0329    VN    -55.0000    115.0000    0.0     8.00
  0330    VN    -55.0000    125.0000    0.0     8.00
  0331    VN    -55.0000    135.0000    0.0     8.00
  0332    VN    -55.0000    145.0000    0.0     8.00
  0333    VN    -55.0000    155.0000    0.0     8.00
  0334    VN    -55.0000    165.0000    0.0     8.00
  0335    VN    -55.0000    175.0000    0.0     8.00
  0400    VN    -45.0000   -175.0000    0.0     8.00
  0401    VN    -45.0000   -165.0000    0.0     8.00
  0402    VN    -45.0000   -155.0000    0.0     8.00
  0403    VN    -45.0000   -145.0000    0.0     8.00
  0404    VN    -45.0000   -135.0000    0.0     8.00
  0405    VN    -45.0000   -125.0000    0.0     8.00
  0406    VN    -45.0000   -115.0000    0.0     8.00
  0407    VN    -45.0000   -105.0000    0.0     8.00
  0408    VN    -45.0000    -95.0000    0.0     8.00
  0409    VN    -45.0000    -85.0000    0.0     8.00
  0410    VN    -45.0000    -75.0000    0.0     8.00
  0411    VN    -45.0000    -65.0000    0.0     8.00
  0412    VN    -45.0000    -55.0000    0.0     8.00
  0413    VN    -45.0000    -45.0000    0.0     8.00
  0414    VN    -45.0000    -35.0000    0.0     8.00
  0415    VN    -45.0000    -25.0000    0.0     8.00
  0416    VN    -45.0000    -15.0000    0.0     8.00
  0417    VN    -45.0000     -5.0000    0.0     8.00
  0418    VN    -45.0000      5.0000    0.0     8.00
  0419    VN    -45.0000     15.0000    0.0     8.00
  0420    VN    -45.0000     25.0000    0.0     8.00
  0421    VN    -45.0000     35.0000    0.0     8.00
  0422    VN    -45.0000     45.0000    0.0     8.00
  0423    VN    -45.0000     55.0000    0.0     8.00
  0424    VN    -45.0000     65.0000    0.0     8.00
  0425    VN    -45.0000     75.0000    0.0     8.00
  0426    VN    -45.0000     85.0000    0.0     8.00
  0427    VN    -45.0000     95.0000    0.0     8.00
  0428    VN    -45.0000    105.0000    0.0     8.00
  0429    VN    -45.0000    115.0000    0.0     8.00
  0430    VN    -45.0000    125.0000    0.0     8.00
  0431    VN    -45.0000    135.0000    0.0     8.00
  0432    VN    -45.0000    145.0000    0.0     8.00
  0433    VN    -45.0000    155.0000    0.0     8.00
  0434    VN    -45.0000    165.0000    0.0     8.00
  0435    VN    -45.0000    175.0000    0.0     8.00
  0500    VN    -35.0000   -175.0000    0.0     8.00
  0501    VN    -35.0000   -165.0000    0.0     8.00
  0502    VN    -35.0000   -155.0000    0.0     8.00
  0503    VN    -35.0000   -145.0000    0.0     8.00
  0504    VN    -35.0000   -135.0000    0.0     8.00
  0505    VN    -35.0000   -125.0000    0.0     8.00
  0506    VN    -35.0000   -115.0000    0.0     8.00
  0507    VN    -35.0000   -105.0000    0.0     8.00
  0508    VN    -35.0000    -95.0000    0.0     8.00
  0509    VN    -35.0000    -85.0000    0.0     8.00
  0510    VN    -35.0000    -75.0000    0.0     8.00
  0511    VN    -35.0000    -65.0000    0.0     8.00
  0512    VN    -35.0000    -55.0000    0.0     8.00
  0513    VN    -35.0000    -45.0000    0.0     8.00
  0514    VN    -35.0000    -35.0000    0.0     8.00
  0515    VN    -35.0000    -25.0000    0.0     8.00
  0516    VN    -35.0000    -15.0000    0.0     8.00
  0517    VN    -35.0000     -5.0000    0.0     8.00
  0518    VN    -35.0000      5.0000    0.0     8.00
  0519    VN    -35.0000     15.0000    0.0     8.00
  0520    VN    -35.0000     25.0000    0.0     8.00
  0521    VN    -35.0000     35.0000    0.0     8.00
  0522    VN    -35.0000     45.0000    0.0     8.00
  0523    VN    -35.0000     55.0000    0.0     8.00
  0524    VN    -35.0000     65.0000    0.0     8.00
  0525    VN    -35.0000     75.0000    0.0     8.00
  0526    VN    -35.0000     85.0000    0.0     8.00
  0527    VN    -35.0000     95.0000    0.0     8.00
  0528    VN    -35.0000    105.0000    0.0     8.00
  0529    VN    -35.0000    115.0000    0.0     8.00
  0530    VN    -35.0000    125.0000    0.0     8.00
  0531    VN    -35.0000    135.0000    0.0     8.00
  0532    VN    -35.0000    145.0000    0.0     8.00
  0533    VN    -35.0000    155.0000    0.0     8.00
  0534    VN    -35.0000    165.0000    0.0     8.00
  0535    VN    -35.0000    175.0000    0.0     8.00
  0600    VN    -25.0000   -175.0000    0.0     8.00
  0601    VN    -25.0000   -165.0000    0.0     8.00
  0602    VN    -25.0000   -155.0000    0.0     8.00
  0603    VN    -25.0000   -145.0000    0.0     8.00
  0604    VN    -25.0000   -135.0000    0.0     8.00
  0605    VN    -25.0000   -125.0000    0.0     8.00
  0606    VN    -25.0000   -115.0000    0.0     8.00
  0607    VN    -25.0000   -105.0000    0.0     8.00
  0608    VN    -25.0000    -95.0000    0.0     8.00
  0609    VN    -25.0000    -85.0000    0.0     8.00
  0610    VN    -25.0000    -75.0000    0.0     8.00
  0611    VN    -25.0000    -65.0000    0.0     8.00
  0612    VN    -25.0000    -55.0000    0.0     8.00
  0613    VN    -25.0000    -45.0000    0.0     8.00
  0614    VN    -25.0000    -35.0000    0.0     8.00
  0615    VN    -25.0000    -25.0000    0.0     8.00
  0616    VN    -25.0000    -15.0000    0.0     8.00
  0617    VN    -25.0000     -5.0000    0.0     8.00
  0618    VN    -25.0000      5.0000    0.0     8.00
  0619    VN    -25.0000     15.0000    0.0     8.00
  0620    VN    -25.0000     25.0000    0.0     8.00
  0621    VN    -25.0000     35.0000    0.0     8.00
  0622    VN    -25.0000     45.0000    0.0     8.00
  0623    VN    -25.0000     55.0000    0.0     8.00
  0624    VN    -25.0000     65.0000    0.0     8.00
  0625    VN    -25.0000     75.0000    0.0     8.00
  0626    VN    -25.0000     85.0000    0.0     8.00
  0627    VN    -25.0000     95.0000    0.0     8.00
  0628    VN    -25.0000    105.0000    0.0     8.00
  0629    VN    -25.0000    115.0000    0.0     8.00
  0630    VN    -25.0000    125.0000    0.0     8.00
  0631    VN    -25.0000    135.0000    0.0     8.00
  0632    VN    -25.0000    145.0000    0.0     8.00
  0633    VN    -25.0000    155.0000    0.0     8.00
  0634    VN    -25.0000    165.0000    0.0     8.00
  0635    VN    -25.0000    175.0000    0.0     8.00
  0700    VN    -15.0000   -175.0000    0.0     8.00
  0701    VN    -15.0000   -165.0000    0.0     8.00
  0702    VN    -15.0000   -155.0000    0.0     8.00
  0703    VN    -15.0000   -145.0000    0.0     8.00
  0704    VN    -15.0000   -135.0000    0.0     8.00
  0705    VN    -15.0000   -125.0000    0.0     8.00
  0706    VN    -15.0000   -115.0000    0.0     8.00
  0707    VN    -15.0000   -105.0000    0.0     8.00
  0708    VN    -15.0000    -95.0000    0.0     8.00
  0709    VN    -15.0000    -85.0000    0.0     8.00
  0710    VN    -15.0000    -75.0000    0.0     8.00
  0711    VN    -15.0000    -65.0000    0.0     8.00
  0712    VN    -15.0000    -55.0000    0.0     8.00
  0713    VN    -15.0000    -45.0000    0.0     8.00
  0714    VN    -15.0000    -35.0000    0.0     8.00
  0715    VN    -15.0000    -25.0000    0.0     8.00
  0716    VN    -15.0000    -15.0000    0.0     8.00
  0717    VN    -15.0000     -5.0000    0.0     8.00
  0718    VN    -15.0000      5.0000    0.0     8.00
  0719    VN    -15.0000     15.0000    0.0     8.00
  0720    VN    -15.0000     25.0000    0.0     8.00
  0721    VN    -15.0000     35.0000    0.0     8.00
  0722    VN    -15.0000     45.0000    0.0     8.00
  0723    VN    -15.0000     55.0000    0.0     8.00
  0724    VN    -15.0000     65.0000    0.0     8.00
  0725    VN    -15.0000     75.0000    0.0     8.00
  0726    VN    -15.0000     85.0000    0.0     8.00
  0727    VN    -15.0000     95.0000    0.0     8.00
  0728    VN    -15.0000    105.0000    0.0     8.00
  0729    VN    -15.0000    115.0000    0.0     8.00
  0730    VN    -15.0000    125.0000    0.0     8.00
  0731    VN    -15.0000    135.0000    0.0     8.00
  0732    VN    -15.0000    145.0000    0.0     8.00
  0733    VN    -15.0000    155.0000    0.0     8.00
  0734    VN    -15.0000    165.0000    0.0     8.00
  0735    VN    -15.0000    175.0000    0.0     8.00
  0800    VN     -5.0000   -175.0000    0.0     8.00
  0801    VN     -5.0000   -165.0000    0.0     8.00
  0802    VN     -5.0000   -155.0000    0.0     8.00
  0803    VN     -5.0000   -145.0000    0.0     8.00
  0804    VN     -5.0000   -135.0000    0.0     8.00
  0805    VN     -5.0000   -125.0000    0.0     8.00
  0806    VN     -5.0000   -115.0000    0.0     8.00
  0807    VN     -5.0000   -105.0000    0.0     8.00
  0808    VN     -5.0000    -95.0000    0.0     8.00
  0809    VN     -5.0000    -85.0000    0.0     8.00
  0810    VN     -5.0000    -75.0000    0.0     8.00
  0811    VN     -5.0000    -65.0000    0.0     8.00
  0812    VN     -5.0000    -55.0000    0.0     8.00
  0813    VN     -5.0000    -45.0000    0.0     8.00
  0814    VN     -5.0000    -35.0000    0.0     8.00
  0815    VN     -5.0000    -25.0000    0.0     8.00
  0816    VN     -5.0000    -15.0000    0.0     8.00
  0817    VN     -5.0000     -5.0000    0.0     8.00
  0818    VN     -5.0000      5.0000    0.0     8.00
  0819    VN     -5.0000     15.0000    0.0     8.00
  0820    VN     -5.0000     25.0000    0.0     8.00
  0821    VN     -5.0000     35.0000    0.0     8.00
  0822    VN     -5.0000     45.0000    0.0     8.00
  0823    VN     -5.0000     55.0000    0.0     8.00
  0824    VN     -5.0000     65.0000    0.0     8.00
  0825    VN     -5.0000     75.0000    0.0     8.00
  0826    VN     -5.0000     85.0000    0.0     8.00
  0827    VN     -5.0000     95.0000    0.0     8.00
  0828    VN     -5.0000    105.0000    0.0     8.00
  0829    VN     -5.0000    115.0000    0.0     8.00
  0830    VN     -5.0000    125.0000    0.0     8.00
  0831    VN     -5.0000    135.0000    0.0     8.00
  0832    VN     -5.0000    145.0000    0.0     8.00
  0833    VN     -5.0000    155.0000    0.0     8.00
  0834    VN     -5.0000    165.0000    0.0     8.00
  0835    VN     -5.0000    175.0000    0.0     8.00
  0900    VN      5.0000   -175.0000    0.0     8.00
  0901    VN      5.0000   -165.0000    0.0     8.00
  0902    VN      5.0000   -155.0000    0.0     8.00
  0903    VN      5.0000   -145.0000    0.0     8.00
  0904    VN      5.0000   -135.0000    0.0     8.00
  0905    VN      5.0000   -125.0000    0.0     8.00
  0906    VN      5.0000   -115.0000    0.0     8.00
  0907    VN      5.0000   -105.0000    0.0     8.00
  0908    VN      5.0000    -95.0000    0.0     8.00
  0909    VN      5.0000    -85.0000    0.0     8.00
  0910    VN      5.0000    -75.0000    0.0     8.00
  0911    VN      5.0000    -65.0000    0.0     8.00
  0912    VN      5.0000    -55.0000    0.0     8.00
  0913    VN      5.0000    -45.0000    0.0     8.00
  0914    VN      5.0000    -35.0000    0.0     8.00
  0915    VN      5.0000    -25.0000    0.0     8.00
  0916    VN      5.0000    -15.0000    0.0     8.00
  0917    VN      5.0000     -5.0000    0.0     8.00
  0918    VN      5.0000      5.0000    0.0     8.00
  0919    VN      5.0000     15.0000    0.0     8.00
  0920    VN      5.0000     25.0000    0.0     8.00
  0921    VN      5.0000     35.0000    0.0     8.00
  0922    VN      5.0000     45.0000    0.0     8.00
  0923    VN      5.0000     55.0000    0.0     8.00
  0924    VN      5.0000     65.0000    0.0     8.00
  0925    VN      5.0000     75.0000    0.0     8.00
  0926    VN      5.0000     85.0000    0.0     8.00
  0927    VN      5.0000     95.0000    0.0     8.00
  0928    VN      5.0000    105.0000    0.0     8.00
  0929    VN      5.0000    115.0000    0.0     8.00
  0930    VN      5.0000    125.0000    0.0     8.00
  0931    VN      5.0000    135.0000    0.0     8.00
  0932    VN      5.0000    145.0000    0.0     8.00
  0933    VN      5.0000    155.0000    0.0     8.00
  0934    VN      5.0000    165.0000    0.0     8.00
  0935    VN      5.0000    175.0000    0.0     8.00
  1000    VN     15.0000   -175.0000    0.0     8.00
  1001    VN     15.0000   -165.0000    0.0     8.00
  1002    VN     15.0000   -155.0000    0.0     8.00
  1003    VN     15.0000   -145.0000    0.0     8.00
  1004    VN     15.0000   -135.0000    0.0     8.00
  1005    VN     15.0000   -125.0000    0.0     8.00
  1006    VN     15.0000   -115.0000    0.0     8.00
  1007    VN     15.0000   -105.0000    0.0     8.00
  1008    VN     15.0000    -95.0000    0.0     8.00
  1009    VN     15.0000    -85.0000    0.0     8.00
  1010    VN     15.0000    -75.0000    0.0     8.00
  1011    VN     15.0000    -65.0000    0.0     8.00
  1012    VN     15.0000    -55.0000    0.0     8.00
  1013    VN     15.0000    -45.0000    0.0     8.00
  1014    VN     15.0000    -35.0000    0.0     8.00
  1015    VN     15.0000    -25.0000    0.0     8.00
  1016    VN     15.0000    -15.0000    0.0     8.00
  1017    VN     15.0000     -5.0000    0.0     8.00
  1018    VN     15.0000      5.0000    0.0     8.00
  1019    VN     15.0000     15.0000    0.0     8.00
  1020    VN     15.0000     25.0000    0.0     8.00
  1021    VN     15.0000     35.0000    0.0     8.00
  1022    VN     15.0000     45.0000    0.0     8.00
  1023    VN     15.0000     55.0000    0.0     8.00
  1024    VN     15.0000     65.0000    0.0     8.00
  1025    VN     15.0000     75.0000    0.0     8.00
  1026    VN     15.0000     85.0000    0.0     8.00
  1027    VN     15.0000     95.0000    0.0     8.00
  1028    VN     15.0000    105.0000    0.0     8.00
  1029    VN     15.0000    115.0000    0.0     8.00
  1030    VN     15.0000    125.0000    0.0     8.00
  1031    VN     15.0000    135.0000    0.0     8.00
  1032    VN     15.0000    145.0000    0.0     8.00
  1033    VN     15.0000    155.0000    0.0     8.00
  1034    VN     15.0000    165.0000    0.0     8.00
  1035    VN     15.0000    175.0000    0.0     8.00
  1100    VN     25.0000   -175.0000    0.0     8.00
  1101    VN     25.0000   -165.0000    0.0     8.00
  1102    VN     25.0000   -155.0000    0.0     8.00
  1103    VN     25.0000   -145.0000    0.0     8.00
  1104    VN     25.0000   -135.0000    0.0     8.00
  1105    VN     25.0000   -125.0000    0.0     8.00
  1106    VN     25.0000   -115.0000    0.0     8.00
  1107    VN     25.0000   -105.0000    0.0     8.00
  1108    VN     25.0000    -95.0000    0.0     8.00
  1109    VN     25.0000    -85.0000    0.0     8.00
  1110    VN     25.0000    -75.0000    0.0     8.00
  1111    VN     25.0000    -65.0000    0.0     8.00
  1112    VN     25.0000    -55.0000    0.0     8.00
  1113    VN     25.0000    -45.0000    0.0     8.00
  1114    VN     25.0000    -35.0000    0.0     8.00
  1115    VN     25.0000    -25.0000    0.0     8.00
  1116    VN     25.0000    -15.0000    0.0     8.00
  1117    VN     25.0000     -5.0000    0.0     8.00
  1118    VN     25.0000      5.0000    0.0     8.00
  1119    VN     25.0000     15.0000    0.0     8.00
  1120    VN     25.0000     25.0000    0.0     8.00
  1121    VN     25.0000     35.0000    0.0     8.00
  1122    VN     25.0000     45.0000    0.0     8.00
  1123    VN     25.0000     55.0000    0.0     8.00
  1124    VN     25.0000     65.0000    0.0     8.00
  1125    VN     25.0000     75.0000    0.0     8.00
  1126    VN     25.0000     85.0000    0.0     8.00
  1127    VN     25.0000     95.0000    0.0     8.00
  1128    VN     25.0000    105.0000    0.0     8.00
  1129    VN     25.0000    115.0000    0.0     8.00
  1130    VN     25.0000    125.0000    0.0     8.00
  1131    VN     25.0000    135.0000    0.0     8.00
  1132    VN     25.0000    145.0000    0.0     8.00
  1133    VN     25.0000    155.0000    0.0     8.00
  1134    VN     25.0000    165.0000    0.0     8.00
  1135    VN     25.0000    175.0000    0.0     8.00
  1200    VN     35.0000   -175.0000    0.0     8.00
  1201    VN     35.0000   -165.0000    0.0     8.00
  1202    VN     35.0000   -155.0000    0.0     8.00
  1203    VN     35.0000   -145.0000    0.0     8.00
  1204    VN     35.0000   -135.0000    0.0     8.00
  1205    VN     35.0000   -125.0000    0.0     8.00
  1206    VN     35.0000   -115.0000    0.0     8.00
  1207    VN     35.0000   -105.0000    0.0     8.00
  1208    VN     35.0000    -95.0000    0.0     8.00
  1209    VN     35.0000    -85.0000    0.0     8.00
  1210    VN     35.0000    -75.0000    0.0     8.00
  1211    VN     35.0000    -65.0000    0.0     8.00
  1212    VN     35.0000    -55.0000    0.0     8.00
  1213    VN     35.0000    -45.0000    0.0     8.00
  1214    VN     35.0000    -35.0000    0.0     8.00
  1215    VN     35.0000    -25.0000    0.0     8.00
  1216    VN     35.0000    -15.0000    0.0     8.00
  1217    VN     35.0000     -5.0000    0.0     8.00
  1218    VN     35.0000      5.0000    0.0     8.00
  1219    VN     35.0000     15.0000    0.0     8.00
  1220    VN     35.0000     25.0000    0.0     8.00
  1221    VN     35.0000     35.0000    0.0     8.00
  1222    VN     35.0000     45.0000    0.0     8.00
  1223    VN     35.0000     55.0000    0.0     8.00
  1224    VN     35.0000     65.0000    0.0     8.00
  1225    VN     35.0000     75.0000    0.0     8.00
  1226    VN     35.0000     85.0000    0.0     8.00
  1227    VN     35.0000     95.0000    0.0     8.00
  1228    VN     35.0000    105.0000    0.0     8.00
  1229    VN     35.0000    115.0000    0.0     8.00
  1230    VN     35.0000    125.0000    0.0     8.00
  1231    VN     35.0000    135.0000    0.0     8.00
  1232    VN     35.0000    145.0000    0.0     8.00
  1233    VN     35.0000    155.0000    0.0     8.00
  1234    VN     35.0000    165.0000    0.0     8.00
  1235    VN     35.0000    175.0000    0.0     8.00
  1300    VN     45.0000   -175.0000    0.0     8.00
  1301    VN     45.0000   -165.0000    0.0     8.00
  1302    VN     45.0000   -155.0000    0.0     8.00
  1303    VN     45.0000   -145.0000    0.0     8.00
  1304    VN     45.0000   -135.0000    0.0     8.00
  1305    VN     45.0000   -125.0000    0.0     8.00
  1306    VN     45.0000   -115.0000    0.0     8.00
  1307    VN     45.0000   -105.0000    0.0     8.00
  1308    VN     45.0000    -95.0000    0.0     8.00
  1309    VN     45.0000    -85.0000    0.0     8.00
  1310    VN     45.0000    -75.0000    0.0     8.00
  1311    VN     45.0000    -65.0000    0.0     8.00
  1312    VN     45.0000    -55.0000    0.0     8.00
  1313    VN     45.0000    -45.0000    0.0     8.00
  1314    VN     45.0000    -35.0000    0.0     8.00
  1315    VN     45.0000    -25.0000    0.0     8.00
  1316    VN     45.0000    -15.0000    0.0     8.00
  1317    VN     45.0000     -5.0000    0.0     8.00
  1318    VN     45.0000      5.0000    0.0     8.00
  1319    VN     45.0000     15.0000    0.0     8.00
  1320    VN     45.0000     25.0000    0.0     8.00
  1321    VN     45.0000     35.0000    0.0     8.00
  1322    VN     45.0000     45.0000    0.0     8.00
  1323    VN     45.0000     55.0000    0.0     8.00
  1324    VN     45.0000     65.0000    0.0     8.00
  1325    VN     45.0000     75.0000    0.0     8.00
  1326    VN     45.0000     85.0000    0.0     8.00
  1327    VN     45.0000     95.0000    0.0     8.00
  1328    VN     45.0000    105.0000    0.0     8.00
  1329    VN     45.0000    115.0000    0.0     8.00
  1330    VN     45.0000    125.0000    0.0     8.00
  1331    VN     45.0000    135.0000    0.0     8.00
  1332    VN     45.0000    145.0000    0.0     8.00
  1333    VN     45.0000    155.0000    0.0     8.00
  1334    VN     45.0000    165.0000    0.0     8.00
  1335    VN     45.0000    175.0000    0.0     8.00
  1400    VN     55.0000   -175.0000    0.0     8.00
  1401    VN     55.0000   -165.0000    0.0     8.00
  1402    VN     55.0000   -155.0000    0.0     8.00
  1403    VN     55.0000   -145.0000    0.0     8.00
  1404    VN     55.0000   -135.0000    0.0     8.00
  1405    VN     55.0000   -125.0000    0.0     8.00
  1406    VN     55.0000   -115.0000    0.0     8.00
  1407    VN     55.0000   -105.0000    0.0     8.00
  1408    VN     55.0000    -95.0000    0.0     8.00
  1409    VN     55.0000    -85.0000    0.0     8.00
  1410    VN     55.0000    -75.0000    0.0     8.00
  1411    VN     55.0000    -65.0000    0.0     8.00
  1412    VN     55.0000    -55.0000    0.0     8.00
  1413    VN     55.0000    -45.0000    0.0     8.00
  1414    VN     55.0000    -35.0000    0.0     8.00
  1415    VN     55.0000    -25.0000    0.0     8.00
  1416    VN     55.0000    -15.0000    0.0     8.00
  1417    VN     55.0000     -5.0000    0.0     8.00
  1418    VN     55.0000      5.0000    0.0     8.00
  1419    VN     55.0000     15.0000    0.0     8.00
  1420    VN     55.0000     25.0000    0.0     8.00
  1421    VN     55.0000     35.0000    0.0     8.00
  1422    VN     55.0000     45.0000    0.0     8.00
  1423    VN     55.0000     55.0000    0.0     8.00
  1424    VN     55.0000     65.0000    0.0     8.00
  1425    VN     55.0000     75.0000    0.0     8.00
  1426    VN     55.0000     85.0000    0.0     8.00
  1427    VN     55.0000     95.0000    0.0     8.00
  1428    VN     55.0000    105.0000    0.0     8.00
  1429    VN     55.0000    115.0000    0.0     8.00
  1430    VN     55.0000    125.0000    0.0     8.00
  1431    VN     55.0000    135.0000    0.0     8.00
  1432    VN     55.0000    145.0000    0.0     8.00
  1433    VN     55.0000    155.0000    0.0     8.00
  1434    VN     55.0000    165.0000    0.0     8.00
  1435    VN     55.0000    175.0000    0.0     8.00
  1500    VN     65.0000   -175.0000    0.0     8.00
  1501    VN     65.0000   -165.0000    0.0     8.00
  1502    VN     65.0000   -155.0000    0.0     8.00
  1503    VN     65.0000   -145.0000    0.0     8.00
  1504    VN     65.0000   -135.0000    0.0     8.00
  1505    VN     65.0000   -125.0000    0.0     8.00
  1506    VN     65.0000   -115.0000    0.0     8.00
  1507    VN     65.0000   -105.0000    0.0     8.00
  1508    VN     65.0000    -95.0000    0.0     8.00
  1509    VN     65.0000    -85.0000    0.0     8.00
  1510    VN     65.0000    -75.0000    0.0     8.00
  1511    VN     65.0000    -65.0000    0.0     8.00
  1512    VN     65.0000    -55.0000    0.0     8.00
  1513    VN     65.0000    -45.0000    0.0     8.00
  1514    VN     65.0000    -35.0000    0.0     8.00
  1515    VN     65.0000    -25.0000    0.0     8.00
  1516    VN     65.0000    -15.0000    0.0     8.00
  1517    VN     65.0000     -5.0000    0.0     8.00
  1518    VN     65.0000      5.0000    0.0     8.00
  1519    VN     65.0000     15.0000    0.0     8.00
  1520    VN     65.0000     25.0000    0.0     8.00
  1521    VN     65.0000     35.0000    0.0     8.00
  1522    VN     65.0000     45.0000    0.0     8.00
  1523    VN     65.0000     55.0000    0.0     8.00
  1524    VN     65.0000     65.0000    0.0     8.00
  1525    VN     65.0000     75.0000    0.0     8.00
  1526    VN     65.0000     85.0000    0.0     8.00
  1527    VN     65.0000     95.0000    0.0     8.00
  1528    VN     65.0000    105.0000    0.0     8.00
  1529    VN     65.0000    115.0000    0.0     8.00
  1530    VN     65.0000    125.0000    0.0     8.00
  1531    VN     65.0000    135.0000    0.0     8.00
  1532    VN     65.0000    145.0000    0.0     8.00
  1533    VN     65.0000    155.0000    0.0     8.00
  1534    VN     65.0000    165.0000    0.0     8.00
  1535    VN     65.0000    175.0000    0.0     8.00
  1600    VN     75.0000   -175.0000    0.0     8.00
  1601    VN     75.0000   -165.0000    0.0     8.00
  1602    VN     75.0000   -155.0000    0.0     8.00
  1603    VN     75.0000   -145.0000    0.0     8.00
  1604    VN     75.0000   -135.0000    0.0     8.00
  1605    VN     75.0000   -125.0000    0.0     8.00
  1606    VN     75.0000   -115.0000    0.0     8.00
  1607    VN     75.0000   -105.0000    0.0     8.00
  1608    VN     75.0000    -95.0000    0.0     8.00
  1609    VN     75.0000    -85.0000    0.0     8.00
  1610    VN     75.0000    -75.0000    0.0     8.00
  1611    VN     75.0000    -65.0000    0.0     8.00
  1612    VN     75.0000    -55.0000    0.0     8.00
  1613    VN     75.0000    -45.0000    0.0     8.00
  1614    VN     75.0000    -35.0000    0.0     8.00
  1615    VN     75.0000    -25.0000    0.0     8.00
  1616    VN     75.0000    -15.0000    0.0     8.00
  1617    VN     75.0000     -5.0000    0.0     8.00
  1618    VN     75.0000      5.0000    0.0     8.00
  1619    VN     75.0000     15.0000    0.0     8.00
  1620    VN     75.0000     25.0000    0.0     8.00
  1621    VN     75.0000     35.0000    0.0     8.00
  1622    VN     75.0000     45.0000    0.0     8.00
  1623    VN     75.0000     55.0000    0.0     8.00
  1624    VN     75.0000     65.0000    0.0     8.00
  1625    VN     75.0000     75.0000    0.0     8.00
  1626    VN     75.0000     85.0000    0.0     8.00
  1627    VN     75.0000     95.0000    0.0     8.00
  1628    VN     75.0000    105.0000    0.0     8.00
  1629    VN     75.0000    115.0000    0.0     8.00
  1630    VN     75.0000    125.0000    0.0     8.00
  1631    VN     75.0000    135.0000    0.0     8.00
  1632    VN     75.0000    145.0000    0.0     8.00
  1633    VN     75.0000    155.0000    0.0     8.00
  1634    VN     75.0000    165.0000    0.0     8.00
  1635    VN     75.0000    175.0000    0.0     8.00
  1700    VN     85.0000   -175.0000    0.0     8.00
  1701    VN     85.0000   -165.0000    0.0     8.00
  1702    VN     85.0000   -155.0000    0.0     8.00
  1703    VN     85.0000   -145.0000    0.0     8.00
  1704    VN     85.0000   -135.0000    0.0     8.00
  1705    VN     85.0000   -125.0000    0.0     8.00
  1706    VN     85.0000   -115.0000    0.0     8.00
  1707    VN     85.0000   -105.0000    0.0     8.00
  1708    VN     85.0000    -95.0000    0.0     8.00
  1709    VN     85.0000    -85.0000    0.0     8.00
  1710    VN     85.0000    -75.0000    0.0     8.00
  1711    VN     85.0000    -65.0000    0.0     8.00
  1712    VN     85.0000    -55.0000    0.0     8.00
  1713    VN     85.0000    -45.0000    0.0     8.00
  1714    VN     85.0000    -35.0000    0.0     8.00
  1715    VN     85.0000    -25.0000    0.0     8.00
  1716    VN     85.0000    -15.0000    0.0     8.00
  1717    VN     85.0000     -5.0000    0.0     8.00
  1718    VN     85.0000      5.0000    0.0     8.00
  1719    VN     85.0000     15.0000    0.0     8.00
  1720    VN     85.0000     25.0000    0.0     8.00
  1721    VN     85.0000     35.0000    0.0     8.00
  1722    VN     85.0000     45.0000    0.0     8.00
  1723    VN     85.0000     55.0000    0.0     8.00
  1724    VN     85.0000     65.0000    0.0     8.00
  1725    VN     85.0000     75.0000    0.0     8.00
  1726    VN     85.0000     85.0000    0.0     8.00
  1727    VN     85.0000     95.0000    0.0     8.00
  1728    VN     85.0000    105.0000    0.0     8.00
  1729    VN     85.0000    115.0000    0.0     8.00
  1730    VN     85.0000    125.0000    0.0     8.00
  1731    VN     85.0000    135.0000    0.0     8.00
  1732    VN     85.0000    145.0000    0.0     8.00
  1733    VN     85.0000    155.0000    0.0     8.00
  1734    VN     85.0000    165.0000    0.0     8.00
  1735    VN     85.0000    175.0000    0.0     8.00
  VN07    RC	 -9.0000	 -5.0000    0.0	 	8.00
  VN08    RC	-25.0000	-10.0000    0.0	 	8.00
  VN09    RC	-69.0000	 31.0000    0.0	 	8.00
  VN10    RC	-69.0000	 15.7000    0.0	 	8.00
  VN11    RC	-61.0000	-14.0000    0.0	 	8.00
  VN12    RC	-66.0000	 -7.0000    0.0	 	8.00
  VN13    RC	-57.0000	 -7.0800    0.0	 	8.00
  VN14    RC	-50.0000	-13.4100    0.0	 	8.00
  VG01    RC	177.1100	  7.0800    0.0	 	8.00
  VNR7    RC	177.1100	 -8.0800    0.0	 	8.00
