# From Alvizuri & Tape 2018 SRL Supp. Table 2 (MT for NK tests and tectonic events)
#           origin time       lon       lat       dep           Mrr           Mtt           Mpp           Mrt           Mrp           Mtp            M0     Mw   			   eid
# yy mm dd HH MM SS.FFF                            km           N-m           N-m           N-m           N-m           N-m           N-m           N-m         
2006 10 09 01 35 28.000  129.1083   41.2874    1.0000  6.058168e+14  3.177106e+14  4.948433e+14  1.315247e+14  3.868968e+14  3.751792e+13  7.244360e+14   3.84 
2009 05 25 00 54 43.124  129.0778   41.2943    1.0000  4.742109e+15  2.377001e+15  2.692787e+15 -7.831240e+14  1.877480e+15  2.120960e+14  4.677351e+15   4.38 
2013 02 12 02 57 51.273  129.0730   41.2921    1.0000  4.784146e+15  3.035322e+15  3.842981e+15  2.626514e+15 -2.154900e+15  7.101410e+14  5.956621e+15   4.45 
2016 01 06 01 30 00.964  129.0680   41.3001    1.0000  2.167523e+15  2.617275e+15  1.895281e+15 -1.118303e+15  2.858598e+14 -1.000143e+14  2.985383e+15   4.25 
2016 09 09 00 30 01.386  129.0804   41.2976    1.0000  6.045944e+15  4.727691e+15  4.010015e+15  1.583560e+15 -1.822170e+15 -5.755514e+14  6.606934e+15   4.48 
2017 09 03 03 30 01.760  129.0297   41.3324    1.0000  7.141639e+16  5.172632e+16  4.273256e+16  1.300210e+15 -2.593009e+16  4.511765e+15  7.413102e+16   5.18 
2017 09 03 03 38 31.810  129.0310   41.3340    1.0000 -2.018451e+15 -2.067246e+15 -2.059213e+15 -5.213258e+13  7.396639e+13  8.590844e+13  2.511886e+15   4.20 
2016 09 12 11 32 55.770  129.2162   35.7808   13.0000  3.492447e+15  2.833405e+16 -3.969083e+16  2.551712e+16 -1.984416e+16  3.036733e+16  5.623413e+16   5.10 
2017 11 15 05 29 32.820  129.2800   36.0735    3.0000  2.962945e+16  2.834051e+16 -6.907862e+16 -4.599846e+16 -2.735922e+16 -1.478905e+16  7.943282e+16   5.20 
